0,274
0,309
28,3
28,2
0,307
28,1
28,0
0,306
0,304
0,303
27,4
27,3
27,2
0,302
27,1
27,0
0,301
0,300
26,4
26,3
26,2
0,299
26,1
26,0
0,298
0,296
0,295
25,3
25,2
0,294
25,1
25,0
0,293
0,291
0,290
24,4
24,3
24,2
0,289
24,1
24,0
0,288
0,286
14,3
0,285
13,3
0,272
0,271
23,4
23,3
23,2
0,12
0,11
0,275
0,276
0,10
0,9
0,284
0,8
23,1
23,0
0,7
3,3
0,51
11,28
10,309
0,543
10,308
0,542
10,307
10,306
0,541
10,305
0,540
10,304
10,303
0,539
10,302
0,538
10,301
0,537
10,300
8,17
8,16
10,299
0,536
10,298
0,535
10,297
11,27
0,534
10,296
10,295
0,533
10,294
0,532
10,293
10,292
0,531
10,291
0,530
10,290
10,289
0,529
10,288
0,528
10,287
10,286
0,527
10,285
11,26
0,526
10,284
10,283
0,525
10,282
0,524
10,281
10,280
0,523
10,279
0,522
10,278
10,277
0,521
10,276
0,520
10,275
9,7
0,519
10,274
10,273
0,518
10,272
10,271
0,517
10,270
0,516
10,269
10,268
0,515
11,25
10,267
0,514
10,266
10,265
0,513
8,15
10,264
0,512
10,263
10,262
0,511
10,261
0,510
10,260
0,509
10,259
10,258
0,508
11,24
10,257
0,507
10,256
0,506
10,255
10,254
0,505
10,253
0,504
10,252
0,503
11,23
10,251
10,250
0,502
10,249
0,501
10,248
10,247
0,500
10,246
0,499
10,245
10,244
0,498
10,243
0,497
10,242
0,496
10,241
8,14
10,240
0,495
10,239
10,238
0,494
10,237
0,493
10,236
11,22
0,492
10,235
10,234
0,491
8,13
10,233
0,490
10,232
10,231
0,489
10,230
